(25.78, 5.35, 58.69, 12.81) 1118
(15.85, 4.75, 67.96, 13.61) 1013
(25.65, 0.96, 61.53, 14.24) 1122
(28.9, 4.06, 56.47, 12.24) 1067
(21.95, 6.85, 59.76, 13.77) 1083
(29.98, 4.33, 57.14, 10.78) 1087
(23.65, 5.88, 58.91, 14.36) 1017
(30.34, 0.9, 58.31, 12.92) 1010
(28.86, 7.17, 53.46, 12.04) 1016
(29.18, 3.91, 56.07, 12.42) 1111
(29.69, 5.66, 53.97, 12.14) 1133
(26.81, 6.63, 57.84, 10.91) 1043
(28.63, 4.33, 55.8(22.42, 1.37, 63.68, 14.04) 1445
(26.58, 0.97, 61.41, 13.09) 1489
, 11.34) 1008
(23.03, 5.4, 59.22, 13.24) 1048
(27.49, 5.8, 56.12, 11.35) 1144
(27.29, 5.99, 56.37, 12.42) 1100
(23.99, 1.48, 61.69, 13.8) 1134
(23.81, 5.1, 60.1, 12.49) 1004
(27.65, 1.47, 58.22, 13.9) 1323
(28.6, 0.89, 59.52, 13.62) 1049
(29.23, 3.69, 57.44, 12.99) 1241
(32.0, 0.83, 55.86, 14.26) 1029
(28.53, 4.81, 56.04, 11.78) 1097
(27.67, 4.09, 59.18, 11.75) 1058
(26.27, 4.3, 59.19, 11.96) 1087
(30.72, 1.04, 58.2, 12.69) 1228
(26.16, 1.73, 60.48, 14.39) 1038
(23.4, 3.81, 62.75, 12.06) 1161
(29.18, 1.86, 58.19, 13.0) 1025
(25.91, 3.78, 59.33, 12.89) 1094
(27.04, 3.65, 58.36, 12.92) 1088
(22.9, 5.09, 60.92, 12.74) 1064
(26.29, 0.85, 60.3, 15.12) 1244
(28.33, 1.88, 58.78, 13.13) 1015
(26.79, 0.79, 59.53, 14.78) 1051
(28.62, 1.79, 59.32, 12.53) 1102
(26.43, 1.84, 59.5, 14.54) 1184
(25.31, 1.7, 60.49, 14.84) 1235
(28.39, 1.04, 57.53, 14.06) 1042
(24.51, 4.37, 59.6, 13.57) 1129
(25.24, 4.6, 59.58, 12.85) 1148
(26.04, 1.96, 61.38, 13.72) 1007
(27.58, 1.1, 58.95, 13.47) 1238
(25.26, 3.25, 60.51, 12.64) 1011
(25.29, 5.23, 58.61, 11.16) 1132
(26.88, 1.1, 59.2, 13.73) 1048
(26.52, 5.9, 58.9, 11.27) 1045
(27.88, 1.78, 58.67, 14.21) 1012
(23.98, 7.16, 58.61, 11.23) 1024
(28.05, 4.1, 58.12, 12.77) 1010
(27.48, 3.73, 58.55, 12.64) 1085
(28.63, 1.83, 59.41, 13.27) 1030
(26.51, 1.71, 59.89, 14.35) 1017
(26.46, 1.14, 61.62, 12.82) 1182
(27.11, 1.37, 60.68, 12.41) 1226
(26.74, 1.11, 59.8, 13.87) 1346
(26.55, 3.72, 60.42, 12.14) 1057
(27.05, 1.94, 61.28, 11.86) 1128
(27.3, 3.85, 58.44, 13.1) 1017
(26.41, 3.87, 58.5, 12.64) 1298
(25.14, 2.12, 61.61, 14.09) 1213
(27.53, 1.89, 61.36, 12.46) 1015
(26.19, 5.18, 57.65, 12.01) 1112
(26.31, 1.96, 59.26, 12.64) 1104
(27.57, 1.87, 59.52, 13.74) 1100
(24.52, 3.29, 60.11, 13.94) 1038
(27.89, 1.98, 59.52, 13.32) 1458
(27.55, 4.36, 57.54, 12.33) 1129
